8523:
1839830
2406863
543825
546941
270111
2066539
1321783
527636
645462
1997734
2324215
383292
255462
259715
1242099
895850
410070
748702
189672
631041
396805
1007468
2100235
1665681
1271341
20611
1709436
532464
2468238
1925977
1027629
8524:
1124390
1340946
2339062
2079291
265628
1457155
1929766
2189140
565596
2569693
467816
2528508
931782
2333858
2184938
2348957
2022101
51564
481647
1573155
1215594
849705
1818317
1180552
2153410
1226142
554995
2386180
2390417
901701
1246370
822042
1936790
1813334
1704473
357695
480885
1660874
2466943
1746869
1705463
1972423
1489442
2428636
1226282
750387
764604
1550319
1612829
1048341
979820
877276
139975
2210748
1278953
935463
2357013
908069
2480966
1874396
355033
338396
84369
2281267
549699
2431777
225976
477406
1816191
1766472
1331090
435170
1062747
2195610
2599389
590025
1936689
135521
1778441
1579220
1118604
1244863
1635624
1232164
1622097
658141
944120
590478
1276204
716217
80339
1670287
974236
2136880
2000755
730300
1393976
124335
2348876
2641753
221426
2018815
1691090
565746
401107
1315691
2318213
1879749
1298798
487913
1997601
1511580
1257844
125257
2466928
400455
1903223
2641278
2549499
652718
389280
698909
1035553
2502710
1755635
75029
584544
2529368
1859373
1052912
2199793
1213660
1453974
1358742
1558357
1557249
773299
840520
1868567
2397608
482399
1116596
581213
1732399
436476
2583455
2334723
1558704
2044864
1651763
1635585
522845
2301901
209784
1040755
2226600
1098997
967839
2097935
2324117
765225
1317982
1979788
872667
1802569
1132488
606952
1232908
942729
2197546
2268668
491352
1296201
59928
2308954
1459775
511822
2417337
1816141
1864068
132266
2411968
568445
1392376
1468600
753433
1855769
1627864
1142416
1967969
1202546
140195
967249
1434766
2477231
1218984
2258231
2093937
2102252
371739
2306367
526400
254063
2568198
1693273
1421122
1039765
321243
1519818
2382810
450189
1726799
588375
516568
1580489
1867641
1234710
193413
1501970
2182230
763725
1991827
752929
1139803
2514381
959609
1370695
1934753
2473904
795973
350350
1758088
164773
1178700
2046267
1245573
2102777
1799499
583577
500926
2212422
981133
1760684
257023
1433361
84513
2510324
186698
1941054
1540812
2018876
1231956
371560
1523138
1989367
271142
5428
2606404
408020
2098200
1906739
2408111
1436206
2590067
734366
1409628
8804
877447
461106
1450032
419598
2240332
2050698
284390
774855
1841165
2276042
280054
2204091
2274374
228729
1443782
1013232
816103
785953
2308827
2237905
1052545
392706
2283568
1481361
2383608
538458
1577795
1928914
2631950
1374916
1571258
108045
2028481
2347774
480243
2015829
770393
634399
639583
1343564
876659
1793289
197913
1748105
1279045
1027502
2125645
305014
667718
2634877
1494648
406258
691244
607093
146873
656007
1956033
398193
1306660
2486977
1115304
1924412
616284
2202375
703905
2569428
2516779
2423898
2160236
683592
119873
786940
1189286
359800
411615
1657364
2092912
2123089
1679031
1972760
1344827
2114027
187517
2299487
2089137
613359
2558307
1854775
2056677
2473036
2533900
688678
713373
271331
1956063
2640873
558676
952636
327484
1427363
1255630
1366378
2619092
2281449
2606216
554631
908190
1877234
58938
114433
238115
1285974
1364400
586162
256992
1762103
215255
102727
997969
1845344
1037952
887429
383965
1180865
2185785
1135212
2354493
204712
936109
802497
59178
2645931
2326265
258869
1084524
2374107
27675
2187380
623763
144850
2418970
2525347
317103
1517254
561152
964662
1384386
186518
1295111
2101162
104932
2114046
2169449
2258041
1932894
2537473
2532244
1050742
2438075
648199
2113529
2566574
2195240
8525:
104354
1052289
707921
1119079
744744
2482233
203345
529051
950827
513544
1091192
1456253
1014060
415630
541620
382257
447423
2090821
2089572
1641247
830506
1130539
1695398
323315
918202
473031
698642
1882776
428803
1687806
1285935
170950
428689
1323058
1599977
429912
2566766
732728
2497647
2113891
892513
1222
1246006
2039141
2418760
1481398
104891
583072
2541254
2353743
1059099
2413982
248369
910862
1401343
1920899
781392
1532549
2418107
1448268
2379687
355734
670014
1626801
2466193
2059675
837492
1716020
1411921
1614063
201208
1607852
1240789
1011473
1817030
2112241
1675217
1114384
2381004
1564837
1264399
1089899
112382
2099117
1938808
939733
172899
1663205
1306088
1144452
956681
280523
1861472
2240945
1643914
2315958
1618291
2265730
2618683
2117699
1497073
2515059
340002
986049
1346810
328878
1346739
621316
1195354
2379494
612732
624997
2388265
2103555
1431509
55138
2162644
82540
863035
1436447
1118589
473362
2373878
2481640
618383
2641221
2309854
883341
1947413
1341353
1544892
994098
1187264
2192010
411330
211975
512995
149751
2116124
1615201
1466967
164333
1307666
2032200
1921012
488216
1459329
22312
236941
1147039
470351
73194
2119914
2264711
2133979
2009923
660802
1901454
766774
1008019
243541
1373770
368995
1940316
566142
2246335
1042810
2494507
2153390
377882
198660
2034651
930910
1244112
428123
976351
958901
320439
291051
889538
302198
494624
114157
2068067
967876
377736
947309
2433268
1873973
313344
1981715
149335
1449012
2499514
332436
2453926
1208712
668758
1571953
1965780
45091
1482589
2319105
855841
2633509
1623022
7231
1448599
579384
730720
1797310
789512
274500
2031601
1595224
1099456
396785
1503556
882978
2298101
187167
1020894
1496868
2153178
1120985
1974795
1386844
467170
1325858
281332
1534417
2263093
214628
270879
884056
617679
2315253
398657
565818
70157
808496
1117169
2480491
443555
1318706
1934748
1823698
2141134
7393
759761
2624200
2462291
405803
2083103
112872
1745340
1973634
2302386
146360
1727246
1749442
2230509
2026010
994795
1363599
2263041
2553793
93693
1129496
648952
647750
2087983
889477
1825452
1095852
806395
979644
2181648
1962851
1502425
2004718
2355095
479118
1442426
1652076
1862395
1363076
621721
2299294
2311106
143869
1128647
892498
1511538
1615748
1829643
2409388
869953
314553
1602789
856518
1738213
2424483
1984224
320290
2421162
401418
2208878
979403
733878
1029465
938767
1904502
2048798
304245
303088
1698688
1959044
2634804
2300784
102481
712564
1336155
800145
2173467
655638
211515
642069
1334838
2105307
102628
1235965
1299943
1204583
640525
1506836
1799865
1849827
1849676
90682
284849
524679
807863
977888
729691
2534680
1017293
2336145
65554
373013
420587
522852
1889923
1462152
1885676
1429446
229673
607188
1705442
240990
414298
1108231
1704370
1540185
2225875
284924
1105295
163834
702339
799120
897970
1886296
1269384
1166092
1994208
2337524
2038836
609470
1702611
516609
598092
1046871
2410670
2380806
2024632
2196966
2626017
1919298
1149016
695276
172630
1247465
1138329
936931
826339
336705
260118
2639858
4628
735135
448584
2637735
456152
569669
1224550
1249059
371382
1672226
1771716
404513
2407177
695991
2549763
2181230
1587694
719642
803212
2222714
2140299
1116675
1667257
2613321
538376
556377
2458786
2527774
2520647
115253
1839551
1963167
2493331
2121920
2435753
813152
2210257
983328
1383154
1895396
63323
53625
2083575
1852396
1270174
503930
1458162
699166
1770703
85604
1062064
1582970
391921
1279586
1268802
888008
390772
1170662
1016957
1820447
2198945
2643734
1665561
1518662
420868
829035
2085520
1157613
1342917
1816372
1871046
346885
1299628
1643729
956786
762840
2151421
2572878
983247
1537956
299400
1117925
1537843
621510
2317893
940084
93019
781345
579888
2603342
2198940
1972372
2623563
889087
1418040
1338024
2530403
1478602
1640627
1768959
1215421
1886168
2218144
810447
2411546
1572951
887334
1855779
1732992
2007700
2620227
711856
369026
2179730
2520979
2089382
1459489
2561493
2577652
452486
1176114
286120
2135410
2074541
706492
1377212
235600
2301544
2184754
924325
2401235
1762798
1702393
1591407
29551
2063111
2321028
2571952
2101972
1064684
530979
1194191
1901612
1897960
1057597
1847613
1601983
931863
1415385
785163
1416423
1257614
2005115
2634337
1245613
1498016
89240
1991074
1159306
320550
2449506
2454940
510260
1925977
820753
655947
2508122
2548814
528706
780319
960850
586847
2026022
2474951
1608433
1228705
1220338
1645912
2045921
2073912
178466
1240719
1793633
1318049
183385
2076921
177002
538489
1583424
444603
2644483
639555
1330937
1299323
941393
2007512
108866
994238
404117
2376754
2376183
780287
767597
1740284
1939875
2418738
720969
1591770
1596438
1087207
8526:
2280034
1729881
2096716
1791519
774962
192334
1200864
1235932
1558586
1401837
2203976
1473388
740423
2484562
217276
1118948
596759
2403703
1076473
1272102
2122838
328937
2040981
2159402
664790
1886518
2438657
2182331
2265162
143301
29303
97195
1567289
2134226
191335
745383
2390322
2388597
710268
2575115
1490620
1967152
626673
2233084
294928
1293183
1660131
1189412
306449
120322
861294
1962386
1010577
1246116
1111765
309501
2297609
325698
1877627
226909
1514959
2637392
1265106
1329067
263985
1255976
2402202
218390
963766
1563479
8527:
2485000
1326900
703896
10970
95744
952764
574368
8528:
2566498
736271
1562970
8529:
2247579
1123111
831157
2276627
2093542
2143348
1521355
927705
829613
530041
1412218
853:
289706
1310872
1002832
1887805
371630
1365381
1351228
51464
8530:
1652167
1195073
394279
2010863
2445429
577774
1282871
1840899
1268421
1455755
8531:
369341
1054163
1867296
2109564
368400
2246439
1482784
556719
93127
1505884
1883641
1142267
960032
1264015
1828124
1446294
1495106
1304296
2300587
2404653
1472150
2445276
933621
2004941
41253
760399
1075730
1099301
1006804
621283
49671
1961408
264662
672144
22182
1094594
625020
757316
595982
1824389
904506
920139
1176383
1209638
1273094
1115804
1201556
410227
798570
1642400
1918862
1883307
416699
2007884
353844
1897875
2476764
2259294
654544
1290388
1530920
1253147
983237
965470
2467362
1235097
2393773
2493650
233429
2051313
541371
1292636
339898
95670
902688
2017584
2206368
1114056
813296
2158227
2434805
342198
1736643
31354
194766
1838935
2049372
537597
21597
767258
2419785
1929525
1201038
736048
1176120
1672827
1977477
860877
1338622
239791
2436499
1494197
31228
1531806
1618455
152903
1684485
2608282
21448
1693021
168084
729540
1801721
644088
385324
1225932
934456
973903
1885142
1344553
1022679
2152492
2724
1971379
1681959
2468887
1835457
1813120
635235
656930
1640939
1474718
541094
1055592
2330470
1387040
1686591
562115
694303
1044968
1728285
1246217
1644000
975175
233006
2531020
1834137
1941397
2450785
2064183
1968203
907859
1913231
725302
1497713
1639888
1023636
2203873
451874
2295558
118562
1945825
470364
210064
1533530
594356
1396139
1584055
1921243
275218
792096
831475
2076665
1941195
638757
2257590
1340559
1985870
1240719
48146
1828115
1517254
623232
1888793
961497
2240573
938098
669584
8532:
2028873
8533:
426128
1554397
621831
2122139
1662106
1896518
151154
8534:
1724783
883159
1967707
1013939
778332
2211613
2229758
1388123
1306378
1360927
1645912
875980
8535:
2440364
2049266
332863
2280135
22252
1551908
1531228
249946
1708737
1118827
78288
1052401
1803931
349663
435398
1700151
1162377
895290
1617957
2597444
627914
1114067
2522590
73858
2019329
339686
1373153
2388112
120636
462574
1782667
801598
1223046
1881195
671909
2583456
1367451
1220277
1721479
1222397
473621
1405870
2446081
2088667
1193942
43216
2535504
102383
1469862
1154469
1032165
261868
188329
1135583
469494
727208
2641599
875746
623002
519775
2540838
2393388
2639624
1815337
1179885
1303121
697598
608901
2525076
2447985
55753
634656
2306681
730787
1988179
1834700
157803
2353935
1900099
1559946
1954074
215066
1982175
487818
250790
2260247
1005371
1299903
2124607
949304
595005
441344
834679
1336474
1226487
318495
154772
161047
2214390
2113715
1809200
1465940
172059
1407973
1582022
296816
2384274
692415
779289
1775911
2255582
8536:
1524454
1287795
2558795
2517390
280497
1617176
428859
2257123
30245
2427474
1108779
187894
360496
2234228
2205550
109408
1795821
761884
1146898
1881045
1184882
2222125
8537:
251817
2596368
1234620
68410
404782
1721510
76766
8538:
387051
2367402
711376
2159553
634291
303566
2102346
2286671
1294855
1403766
2066003
533896
1968356
1117361
1351712
30884
529545
1575648
1243044
2497792
1331128
2389173
661454
433613
2532096
1891948
2402937
382163
1379959
1027364
316303
677565
973700
666515
335589
1720619
430758
1830325
566444
64270
220073
2027108
1565504
765414
486273
